1883,2539 1826,2531 1792,2531 1754,2576 1776,2617 2040,2607 2154,2614 2250,2552 2262,2534 2146,2369 2182,2307 2317,2247 2307,2206 2224,2185 2110,2134 2026,2055 1967,2141 1942,2177 1997,2247 1972,2393 2066,2432 2095,2472 2076,2509 2017,2551 1930,2549 !
1562,2261 1586,2292 1584,2291 1686,2347 1803,2302 1782,2232 1725,2216 1676,2147 1646,2088 1619,1970 1577,1988 1523,2215 !
1381,3382 1749,3448 1540,3367 1161,3349 1163,3403 1441,3408 1670,3461 1875,3546 1911,3490 1660,3374 1401,3331 1165,3331 1162,3351 !
2417,3667 2368,3622 2354,3598 2321,3572 2389,3499 2581,3372 2761,3392 2780,3416 2722,3491 2665,3548 2602,3717 2463,3733 !
3010,3207 3020,3322 3002,3372 2921,3379 2898,3257 2845,3254 2747,3285 2706,3254 2740,3201 3030,2974 3098,3002 3370,3180 3364,3262 3185,3248 3192,3180 3098,3152 3026,3175 !
3289,2982 3395,3031 3655,3146 3688,3101 3423,2976 3249,2828 3204,2867 !
1181,4994 549,5033 185,4622 403,4488 676,4434 439,4732 510,4930 609,4926 713,4902 829,4839 905,4797 1118,4759 1175,4757 1213,4793 1181,4994 !
2352,4328 2350,4354 2278,4368 2281,4228 2271,4123 2261,4015 2188,3881 2106,3741 2190,3693 2261,3781 2266,3873 2318,3945 2320,3990 2353,4122 !
2717,4348 2704,4368 2525,4359 2530,3904 2669,3820 2829,4026 2827,4048 2682,4123 2667,4300 2694,4304 !
1138,4501 1074,4504 997,4500 950,4438 964,4327 1013,4292 1143,4295 1189,4341 1198,4401 1193,4454 !
1704,4526 1717,4562 1757,4598 1820,4583 1868,4544 1857,4494 1766,4469 1723,4497 !
1745,3956 1703,3962 1660,3950 1640,3894 1658,3858 1708,3830 1744,3828 1783,3859 1789,3881 1766,3922 !
1022,3820 976,3848 945,3848 896,3817 891,3794 920,3730 932,3713 1008,3716 1028,3764 1033,3795 !
2407,4907 2047,4924 1651,4947 1215,4791 1317,4784 1336,4772 1500,4774 1538,4789 1733,4787 1756,4774 1919,4772 1930,4786 2182,4787 2199,4742 2236,4720 2284,4707 2648,4724 3030,4712 !
400,3506 353,4086 673,4439 700,3733 712,3402 !
2933,3873 2894,3829 2824,3734 2788,3645 2908,3496 2962,3484 2974,3503 2962,3528 2987,3564 2959,3702 3045,3744 3145,3793 3174,3890 3030,3919 !
2299,3082 2342,3108 2073,3331 1659,3230 1658,3189 1723,3085 1699,3005 1605,2954 1602,2828 1635,2736 1683,2720 1694,2749 1683,2870 1809,3034 1990,3131 2170,3073 2244,3100 !
2064,2926 2021,2945 2013,2966 2049,3006 2087,3005 2130,2957 2187,2946 2235,2815 2187,2740 2003,2702 1827,2801 1868,2829 1960,2817 2034,2855 2058,2886 !
2464,3003 2379,3008 2322,2975 2359,2912 2388,2847 2369,2754 2332,2642 2402,2577 2504,2584 2673,2673 2721,2754 2703,2804 2555,2933 !
2938,2663 2850,2677 2820,2611 2625,2470 2553,2444 2359,2443 2333,2423 2398,2342 2493,2307 2561,2311 2851,2454 2961,2595 2970,2627 !
3876,3635 3864,3506 3890,3421 3711,3281 3741,3244 3822,3226 4023,3295 4185,3330 4191,3389 4048,3412 3936,3502 4062,3691 4121,3735 4258,3718 4342,3602 4363,3548 4312,3478 4350,3444 4551,3639 4585,3719 4501,3784 4404,3774 4347,3873 4270,3887 4031,3798 !
3285,3636 3233,3659 3178,3637 3152,3501 3347,3447 3520,3424 3586,3450 3632,3416 3709,3525 3686,3588 3678,3655 3580,3779 3491,3778 3415,3758 3453,3708 3514,3680 3531,3653 3481,3565 3340,3568 !
3154,2246 3325,2394 3252,2440 2890,2175 2888,2144 2960,2141 3047,2172 !
4227,4806 3225,4840 3013,4713 3119,4711 3231,4724 3375,4715 3495,4705 3642,4719 3787,4693 3908,4704 4062,4704 4138,4714 4284,4690 !
5215,4475 4626,4864 4279,4689 4448,4702 4654,4669 4775,4656 4895,4613 5019,4583 5123,4514 !
5955,3147 5502,4407 5212,4478 5315,4408 5552,4118 5679,3880 5761,3572 5736,3083 5694,2653 5682,2221 !
5945,534 5768,1934 5685,2231 5628,2015 5641,1853 5698,1732 5676,1414 5659,1103 5649,848 5676,762 5769,680 5748,561 !
4939,473 5835,470 5909,499 5641,506 5545,510 5469,565 5446,633 5317,669 5217,631 4705,639 4309,637 4250,677 4000,700 3149,680 2701,699 2244,695 2038,727 1942,713 1751,789 1581,808 1366,895 1286,930 1138,1068 1071,1157 1016,1259 943,1564 864,1976 845,2539 832,2949 821,3344 799,3410 727,3508 640,2256 744,1445 1031,886 1524,717 2319,551 3352,506 3622,507 4535,468 4939,473 !
5610,507 5906,501 5711,580 !
1912,3768 1889,3785 1853,3788 1829,3763 1830,3731 1880,3713 1919,3733 !
2429,3436 2404,3454 2369,3451 2346,3421 2353,3391 2377,3377 2414,3380 2440,3397 !
2729,2950 2707,2964 2658,2959 2646,2936 2650,2909 2677,2896 2725,2902 2742,2927 !
3853,2280 3854,2320 3825,2343 3775,2337 3761,2327 3760,2284 3792,2259 3831,2264 !
4123,1869 4101,1875 4067,1875 4045,1853 4041,1825 4063,1802 4098,1801 4132,1813 4134,1842 !
4583,1553 4562,1554 4532,1554 4513,1539 4509,1496 4542,1474 4584,1483 4606,1508 4602,1530 !
4728,1434 4724,1447 4695,1448 4642,1396 4667,1343 4718,1325 4765,1343 4785,1394 4760,1431 !
5097,997 5081,1025 5041,1032 4998,1001 5002,972 5039,953 5088,962 !
5255,1136 5236,1160 5196,1164 5159,1129 5165,1096 5207,1079 5249,1100 !
6047,620 6147,620 6097,720 !
5348,1014 5326,1027 5258,1042 5182,1015 5160,944 5184,878 5213,869 5230,878 5281,862 5334,873 5335,874 5355,921 5364,955 !
5482,1492 5467,1525 5413,1549 5366,1524 5354,1478 5377,1440 5413,1423 5446,1431 5470,1458 !
5486,1701 5463,1731 5421,1739 5389,1711 5388,1672 5430,1656 5473,1667 !
4515,804 4501,830 4527,872 4575,885 4624,874 4647,826 4599,779 4558,769 !
4360,824 4365,847 4328,877 4301,878 4264,844 4263,822 4298,800 4338,802 !
5343,1425 5443,1425 5393,1525 !
$
